5.20945e-05
0.000110269
0.000284195
0.000229597
6.85453e-05
0.0018959
0.00044322
0.00144291
0.000110269
2.56896e-05
3.61204e-05
0.000297546
0.000117481
9.44138e-05
9.98378e-05
0.000169635
0.00114918
8.01682e-05
8.01682e-05
0.00052309
7.64132e-05
0.0019722
0.000260115
0.000228167
0.000969887
0.000539303
0.000177741
0.00032711
0.000172377
0.00114918
0.000181913
0.00016582
0.000376463
0.00056982
8.39233e-05
0.00078392
5.3823e-05
8.08239e-05
7.34329e-05
0.000248909
0.000229597
0.000217915
0.00101471
5.90682e-05
0.000140309
0.000202775
0.000172377
0.000186205
6.19888e-05
8.66055e-05
0.00223351
0.00183964
4.05908e-05
0.000154376
0.00061655
0.00130272
0.000962257
6.1512e-05
2.68817e-05
0.00145435
0.00131035
0.000946522
0.00056982
0.000742912
3.51071e-05
0.000212789
0.00154877
0.000795841
0.000216246
0.000288486
6.24657e-05
0.000168443
0.000184774
0.000105441
0.000749111
7.236e-05
0.00061655
0.000167012
0.00333023
0.000475168
0.000416756
0.000297546
9.08971e-05
0.000282049
1.62721e-05
0.000169635
6.04987e-05
0.000102997
6.53863e-05
0.000388622
9.7394e-05
2.95043e-05
5.81145e-05
0.00263596
0.000419855
0.000112116
0.000130057
0.000535488
0.000231504
0.000946522
0.000297546
0.00108624
0.000806332
5.46575e-05
0.00198746
0.000749111
0.000154376
0.000367641
0.00450897
0.000115752
9.50694e-05
0.00178337
0.0386353
0.000432491
0.000181913
0.000202775
8.01682e-05
7.236e-05
0.00200462
4.93526e-05
0.000168443
0.000350952
7.28965e-05
0.000102997
0.000118434
0.000201106
0.000518799
0.000168443
0.0018816
0.00515366
0.000946522
0.000464439
0.00151062
0.00362396
0.00227165
0.00163651
0.00148678
0.000990868
0.000789642
0.000365257
0.00013423
7.18236e-05
0.00141048
0.000345707
0.00267601
0.000507355
0.000163078
0.000416756
0.00084734
0.00114918
0.000149488
8.87513e-05
0.000141501
3.8445e-05
0.00024128
2.68817e-05
0.00012207
1.49012e-05
1.30534e-05
0.000299931
0.000102162
0.000154376
0.000149488
0.000201106
0.000114799
0.000806332
0.000579357
0.000161886
2.36034e-05
0.00484467
0.000120282
9.98378e-05
5.20945e-05
0.000146151
6.79493e-05
0.00044322
1.81198e-05
0.000148535
3.3021e-05
0.000229597
1.78814e-05
2.93851e-05
6.90818e-05
2.98023e-05
0.000112116
0.000611305
3.45707e-05
1.15037e-05
0.000132203
5.59688e-05
4.05908e-05
8.80957e-05
5.20945e-05
0.000120282
8.82149e-06
2.3067e-05
0.00015533
5.126e-05
7.01547e-05
2.68817e-05
0.000302315
3.40939e-05
0.000107765
0.000114799
0.000584126
0.00122547
0.000378847
0.000297546
0.000109434
0.000125051
0.000376463
9.89437e-05
0.000248909
0.000329733
0.00221634
0.001194
8.08239e-05
0.000147223
0.00044322
7.4029e-05
0.000888348
0.000483036
0.00084734
9.01222e-05
0.000429392
0.000180364
6.29425e-05
0.000193834
0.000147223
1.9908e-05
2.0206e-05
3.24845e-05
9.36985e-05
7.70688e-05
0.000258207
0.000100553
1.94311e-05
0.000332117
0.000229597
5.42402e-05
0.000131249
0.000186205
0.000348091
0.000202775
5.00679e-06
0.000113964
0.000125051
4.52995e-06
2.21133e-05
7.83205e-05
3.44515e-05
0.000139236
0.00031209
0.000483036
7.77245e-05
0.000103712
9.23872e-06
0.000342846
0.000119328
7.52211e-05
2.24113e-05
6.1512e-05
3.52263e-05
6.34193e-05
5.42402e-05
0.000348091
0.000142694
0.000198126
3.75509e-05
1.21593e-05
0.00450897
0.00434113
0.00149918
0.00383568
0.00480652
0.00225258
0.000601768
0.00348854
0.00182533
0.00086689
0.000381708
0.00166035
0.000270844
0.000277758
8.2016e-05
0.000339746
0.00152302
0.000373363
0.00314903
0.00089407
0.000574589
0.000164628
0.00225258
0.000565529
0.00041008
0.00183964
0.00166035
0.00050354
0.000295162
0.000552177
0.000196695
0.000457764
0.000178933
0.000138402
0.000154376
8.01682e-05
0.000136375
2.14577e-05
0.000243187
0.000307322
0.000129104
0.00286865
0.000193834
0.000199676
0.000153184
0.000277758
0.000354052
0.000178933
0.000574589
0.000579357
0.00045085
0.000286579
1.5378e-05
7.77245e-05
7.70688e-05
0.000284195
6.38962e-05
0.000196695
0.00142097
0.0019722
3.03984e-05
0.000593185
0.000547409
3.36766e-05
2.65837e-05
0.000309706
0.000483036
4.29153e-05
0.00122547
3.55244e-05
0.000217915
0.000160456
9.7394e-05
9.98378e-05
0.000440121
0.000827789
0.00238037
6.96182e-05
0.000362158
0.000314474
0.000969887
0.00082016
0.000350952
0.000490665
0.000413895
0.000483036
1.03116e-05
0.000199676
0.00052309
7.89165e-05
0.000100553
0.000827789
0.00198746
0.000742912
0.000985146
0.000813961
0.0014658
0.000394344
0.000447035
0.000126123
0.00147629
0.000297546
0.000457764
0.000669003
0.000938892
0.000795841
0.000150681
0.00130272
0.000186205
0.000131249
0.000137329
0.00176907
0.000475168
0.000141501
0.000266552
0.000264645
0.000795841
0.000135303
6.34193e-05
0.000121117
0.000118434
0.000601768
0.000453949
0.00021112
7.4029e-05
8.01682e-05
0.000436306
0.00010699
0.000139236
0.000574589
0.00427246
0.00118637
0.00293922
0.000659466
1.75834e-05
0.000772476
0.000118434
0.000135303
0.00045085
2.99215e-05
0.0199432
0.000137329
0.000180364
0.000362158
0.000669003
0.000649452
5.29885e-05
0.00050354
0.000391483
0.00176907
0.00206757
0.00136662
0.000193834
0.000362158
0.000247002
0.000292778
0.00080061
0.000129104
0.000789642
9.36985e-05
0.000260115
0.000373363
9.08971e-05
0.000680923
5.29885e-05
0.000117481
0.000184774
1.7345e-05
0.00109482
0.000999451
0.000172377
0.00102806
0.00152302
0.000795841
0.000226378
0.000348091
0.000708103
0.00738525
0.00082016
0.000180364
0.000221372
7.28965e-05
0.000514984
5.55515e-05
0.000350952
0.000268936
0.00078392
0.000148535
0.000606537
4.86374e-05
0.00056076
0.000282049
2.98023e-05
0.000290871
0.00080061
0.000457764
0.000713825
3.23653e-05
1.4782e-05
0.000229597
0.000297546
0.00447464
2.85506e-05
0.000699997
4.67896e-05
0.000436306
0.000669003
8.66055e-05
7.28965e-05
0.00015533
0.000622272
0.000270844
0.000754833
0.000243187
0.00124454
0.000212789
0.000304699
0.00113773
0.00238037
0.00108624
0.000282049
0.00021112
0.000381708
0.000217915
0.00061655
0.000977516
0.000177741
7.18236e-05
0.00191021
0.000923157
0.000413895
0.00338364
0.00476837
0.000354052
7.01547e-05
0.000180364
0.000199676
0.000270844
0.00101471
0.00259399
1.5378e-05
0.00142097
3.55244e-05
0.000163078
0.000674725
0.000113964
0.000314474
0.000391483
0.000584126
9.29832e-05
0.00031209
1.29342e-05
4.02331e-05
7.77245e-05
0.00159836
0.000114799
6.29425e-05
0.000171185
0.00104427
3.05176e-05
0.000531673
0.0238037
0.00255203
0.00104427
0.00214767
0.00611877
1.89543e-05
5.59688e-05
4.86374e-05
0.000401258
0.000684738
0.000622272
0.000999451
0.00171185
7.236e-05
6.24657e-05
0.000297546
0.000254869
2.0206e-05
0.000168443
0.000696182
0.000102997
5.29885e-05
0.000472307
0.000574589
0.000112116
8.73208e-05
0.00727844
0.000713825
9.57847e-05
0.00811005
0.000168443
8.52346e-05
0.00245285
7.34329e-05
4.8995e-05
0.000126123
0.000177741
0.000535488
0.000336885
4.1604e-05
0.000136375
4.8995e-05
0.00016582
0.000125051
0.000413895
4.3273e-05
5.59688e-05
0.000579357
0.000251055
0.0019722
0.000962257
0.000156522
3.8147e-05
0.00130272
0.00049448
0.000620365
1.56164e-05
0.000231504
0.000190854
0.00016582
0.000233531
8.87513e-05
0.000186205
0.00291634
0.00012207
2.95043e-05
0.00058794
0.000378847
0.000373363
0.00191021
0.000319481
0.00045085
0.0018816
1.16825e-05
0.00052309
0.000535488
0.0068779
0.0018816
0.00157356
0.00021112
0.00338364
0.000149488
0.000177741
0.000309706
9.7394e-05
0.000461578
0.00327873
0.000362158
0.000472307
0.0106659
0.000789642
0.000138402
0.00263596
0.000339746
2.25902e-05
1.85966e-05
0.0065155
2.96831e-05
0.00010699
0.00238037
0.000766277
0.00049448
0.00275803
0.000243187
2.32458e-05
0.000167012
0.000669003
0.000288486
7.01547e-05
0.000161886
6.1512e-05
0.00152302
0.00175476
0.0010519
0.025177
9.01222e-05
0.00322533
3.66569e-05
9.50694e-05
0.000593185
0.00241661
0.00163651
0.000270844
0.000483036
0.000131249
0.000231504
4.63724e-05
0.000187755
0.000196695
0.000123978
0.000760555
3.3915e-05
0.00135422
0.000754833
0.0167847
6.74129e-05
0.000193834
0.000282049
0.000123978
0.000841618
0.000193834
0.00012815
0.000649452
0.00354195
0.000401258
1.0848e-05
7.80821e-06
0.00423813
7.28965e-05
2.84314e-05
0.000219584
0.00108624
0.0018816
0.00113773
0.000262737
0.000633717
0.000290871
0.000514984
0.000555992
0.000342846
1.7345e-05
1.63913e-05
0.000899792
0.000601768
0.000653267
0.00259399
0.000490665
0.000207663
0.000365257
0.000584126
0.00131035
0.000114799
8.87513e-05
0.000696182
0.000125051
7.52211e-05
5.1856e-06
9.44138e-05
0.000146151
0.000518799
0.000453949
0.00118637
0.00126362
0.000198126
0.00447464
2.2471e-05
0.00120544
1.63913e-05
0.000189185
3.8445e-05
0.000256777
0.000468493
0.00238037
0.000102162
0.000319481
3.33786e-05
2.13385e-05
0.00058794
0.000332117
8.73208e-05
2.3067e-05
0.00120544
0.000262737
0.000336885
0.000163078
9.16123e-05
0.000324726
0.000719547
0.000149488
0.000139236
9.89437e-05
0.00159836
0.000190854
0.00102806
5.81145e-05
0.0050354
0.000860691
0.000518799
0.000359297
0.000742912
0.00351524
0.000659466
0.000938892
0.013382
3.49283e-05
0.00084734
7.83205e-05
3.15905e-05
8.39233e-05
0.000223041
0.0013876
0.000217915
7.64132e-05
0.00112915
0.000917435
0.000237346
0.000103712
0.000719547
0.000111163
0.00069046
0.000248909
0.000461578
0.000416756
0.000486851
0.000606537
0.000258207
0.00403976
2.59876e-05
0.000174999
1.67489e-05
0.000273466
0.000133276
0.00767136
0.000447035
0.00277901
0.000228167
0.000123024
0.000125051
3.09348e-05
0.0193176
3.72529e-05
0.00154877
0.000168443
9.98378e-05
0.000853062
0.00351524
0.000453949
0.000649452
0.000254869
0.000860691
1.92523e-05
2.25902e-05
3.016e-05
0.000100553
0.000252962
0.00201988
3.61204e-05
5.42402e-05
0.000356913
7.236e-05
0.000547409
0.013382
0.000574589
0.000611305
0.000316858
0.000370502
1.31726e-05
3.46899e-05
0.0240021
0.00166035
3.09348e-05
0.000401258
0.000233531
0.000141501
0.000221372
3.36766e-05
0.000511169
0.00117397
0.000999451
0.0012722
2.8193e-05
0.00021112
7.12872e-05
7.95722e-05
0.00574875
6.4373e-06
0.000404119
0.00116634
0.00010699
0.000426531
8.26716e-05
0.000186205
0.00710678
4.78625e-05
0.00103569
0.00314903
0.00101471
0.000119328
0.000189185
0.00134373
0.00015533
0.0101852
0.00206757
0.000187755
0.0354614
0.000138402
1.45435e-05
3.22461e-05
0.000168443
0.00247002
0.000468493
0.000151873
0.00798798
0.000286579
8.59499e-05
0.000129104
0.000336885
0.000171185
0.000113964
0.00149918
0.000284195
4.3273e-05
0.00296211
0.000262737
1.33514e-05
0.000696182
3.9041e-05
4.86374e-05
0.000157952
0.00192451
0.0013876
0.00348854
7.70688e-05
0.000725746
0.000789642
0.0637207
8.45194e-05
0.000133276
0.000719547
0.000359297
3.40939e-05
0.000140309
0.00977325
0.00319862
0.000201106
0.000243187
0.000359297
0.000373363
0.00118637
0.000199676
0.000243187
4.52399e-05
6.29425e-05
0.000151873
0.0134964
0.0170288
0.000332117
0.00601959
0.0124512
0.000518799
5.50747e-05
0.00227165
0.000186205
0.00121307
0.00015533
6.1512e-05
0.000339746
0.000118434
0.000304699
0.00238037
0.0012722
0.000394344
0.000202775
5.29885e-05
4.93526e-05
3.05176e-05
6.68764e-05
0.000146151
1.81198e-05
0.000268936
0.000150681
4.45843e-05
0.00010848
2.00868e-05
2.15173e-05
1.50204e-05
0.000167012
0.000123024
0.000112951
8.34465e-06
0.000180364
3.27826e-05
1.055e-05
3.35574e-05
2.81334e-05
2.20537e-05
7.83205e-05
0.000114799
0.000742912
0.000990868
0.000282049
0.00167274
6.04987e-05
0.000321865
0.000309706
8.66055e-05
4.86374e-05
0.00013423
0.00032711
1.16825e-05
4.8995e-05
1.51396e-05
5.25713e-05
0.00078392
4.02331e-05
9.29832e-06
0.00103569
0.000461578
0.000381708
5.59688e-05
0.00169849
0.002985
0.00112915
0.00061655
0.000565529
0.00492477
0.000584126
0.00144291
0.00933838
0.000406981
0.00354195
0.000432491
9.2268e-05
0.000611305
0.00021112
0.00162315
0.000247002
0.000196695
0.000199676
0.000131249
0.000153184
0.000180364
2.92659e-05
5.50747e-05
5.30481e-06
0.000123978
6.48499e-05
6.38962e-05
0.000359297
0.000472307
5.20945e-05
0.000110269
0.000284195
0.000229597
6.85453e-05
0.0018959
0.00044322
0.00144291
0.000110269
2.56896e-05
3.61204e-05
0.000297546
0.000117481
9.44138e-05
9.98378e-05
0.000169635
0.00114918
8.01682e-05
8.01682e-05
0.00052309
7.64132e-05
0.0019722
0.000260115
0.000228167
0.000969887
0.000539303
0.000177741
0.00032711
0.000172377
0.00114918
0.000181913
0.00016582
0.000376463
0.00056982
8.39233e-05
0.00078392
5.3823e-05
8.08239e-05
7.34329e-05
0.000248909
0.000229597
0.000217915
0.00101471
5.90682e-05
0.000140309
0.000202775
0.000172377
0.000186205
6.19888e-05
8.66055e-05
0.00223351
0.00183964
4.05908e-05
0.000154376
0.00061655
0.00130272
0.000962257
6.1512e-05
2.68817e-05
0.00145435
0.00131035
0.000946522
0.00056982
0.000742912
3.51071e-05
0.000212789
0.00154877
0.000795841
0.000216246
0.000288486
6.24657e-05
0.000168443
0.000184774
0.000105441
0.000749111
7.236e-05
0.00061655
0.000167012
0.00333023
0.000475168
0.000416756
0.000297546
9.08971e-05
0.000282049
1.62721e-05
0.000169635
6.04987e-05
0.000102997
6.53863e-05
0.000388622
9.7394e-05
2.95043e-05
5.81145e-05
0.00263596
0.000419855
0.000112116
0.000130057
0.000535488
0.000231504
0.000946522
0.000297546
0.00108624
0.000806332
5.46575e-05
0.00198746
0.000749111
0.000154376
0.000367641
0.00450897
0.000115752
9.50694e-05
0.00178337
0.0386353
0.000432491
0.000181913
0.000202775
8.01682e-05
7.236e-05
0.00200462
4.93526e-05
0.000168443
0.000350952
7.28965e-05
0.000102997
0.000118434
0.000201106
0.000518799
0.000168443
0.0018816
0.00515366
0.000946522
0.000464439
0.00151062
0.00362396
0.00227165
0.00163651
0.00148678
0.000990868
0.000789642
0.000365257
0.00013423
7.18236e-05
0.00141048
0.000345707
0.00267601
0.000507355
0.000163078
0.000416756
0.00084734
0.00114918
0.000149488
8.87513e-05
0.000141501
3.8445e-05
0.00024128
2.68817e-05
0.00012207
1.49012e-05
1.30534e-05
0.000299931
0.000102162
0.000154376
0.000149488
0.000201106
0.000114799
0.000806332
0.000579357
0.000161886
2.36034e-05
0.00484467
0.000120282
9.98378e-05
5.20945e-05
0.000146151
6.79493e-05
0.00044322
1.81198e-05
0.000148535
3.3021e-05
0.000229597
1.78814e-05
2.93851e-05
6.90818e-05
2.98023e-05
0.000112116
0.000611305
3.45707e-05
1.15037e-05
0.000132203
5.59688e-05
4.05908e-05
8.80957e-05
5.20945e-05
0.000120282
8.82149e-06
2.3067e-05
0.00015533
5.126e-05
7.01547e-05
2.68817e-05
0.000302315
3.40939e-05
0.000107765
0.000114799
0.000584126
0.00122547
0.000378847
0.000297546
0.000109434
0.000125051
0.000376463
9.89437e-05
0.000248909
0.000329733
0.00221634
0.001194
8.08239e-05
0.000147223
0.00044322
7.4029e-05
0.000888348
0.000483036
0.00084734
9.01222e-05
0.000429392
0.000180364
6.29425e-05
0.000193834
0.000147223
1.9908e-05
2.0206e-05
3.24845e-05
9.36985e-05
7.70688e-05
0.000258207
0.000100553
1.94311e-05
0.000332117
0.000229597
5.42402e-05
0.000131249
0.000186205
0.000348091
0.000202775
5.00679e-06
0.000113964
0.000125051
4.52995e-06
2.21133e-05
7.83205e-05
3.44515e-05
0.000139236
0.00031209
0.000483036
7.77245e-05
0.000103712
9.23872e-06
0.000342846
0.000119328
7.52211e-05
2.24113e-05
6.1512e-05
3.52263e-05
6.34193e-05
5.42402e-05
0.000348091
0.000142694
0.000198126
3.75509e-05
1.21593e-05
0.00450897
0.00434113
0.00149918
0.00383568
0.00480652
0.00225258
0.000601768
0.00348854
0.00182533
0.00086689
0.000381708
0.00166035
0.000270844
0.000277758
8.2016e-05
0.000339746
0.00152302
0.000373363
0.00314903
0.00089407
0.000574589
0.000164628
0.00225258
0.000565529
0.00041008
0.00183964
0.00166035
0.00050354
0.000295162
0.000552177
0.000196695
0.000457764
0.000178933
0.000138402
0.000154376
8.01682e-05
0.000136375
2.14577e-05
0.000243187
0.000307322
0.000129104
0.00286865
0.000193834
0.000199676
0.000153184
0.000277758
0.000354052
0.000178933
0.000574589
0.000579357
0.00045085
0.000286579
1.5378e-05
7.77245e-05
7.70688e-05
0.000284195
6.38962e-05
0.000196695
0.00142097
0.0019722
3.03984e-05
0.000593185
0.000547409
3.36766e-05
2.65837e-05
0.000309706
0.000483036
4.29153e-05
0.00122547
3.55244e-05
0.000217915
0.000160456
9.7394e-05
9.98378e-05
0.000440121
0.000827789
0.00238037
6.96182e-05
0.000362158
0.000314474
0.000969887
0.00082016
0.000350952
0.000490665
0.000413895
0.000483036
1.03116e-05
0.000199676
0.00052309
7.89165e-05
0.000100553
0.000827789
0.00198746
0.000742912
0.000985146
0.000813961
0.0014658
0.000394344
0.000447035
0.000126123
0.00147629
0.000297546
0.000457764
0.000669003
0.000938892
0.000795841
0.000150681
0.00130272
0.000186205
0.000131249
0.000137329
0.00176907
0.000475168
0.000141501
0.000266552
0.000264645
0.000795841
0.000135303
6.34193e-05
0.000121117
0.000118434
0.000601768
0.000453949
0.00021112
7.4029e-05
8.01682e-05
0.000436306
0.00010699
0.000139236
0.000574589
0.00427246
0.00118637
0.00293922
0.000659466
1.75834e-05
0.000772476
0.000118434
0.000135303
0.00045085
2.99215e-05
0.0199432
0.000137329
0.000180364
0.000362158
0.000669003
0.000649452
5.29885e-05
0.00050354
0.000391483
0.00176907
0.00206757
0.00136662
0.000193834
0.000362158
0.000247002
0.000292778
0.00080061
0.000129104
0.000789642
9.36985e-05
0.000260115
0.000373363
9.08971e-05
0.000680923
5.29885e-05
0.000117481
0.000184774
1.7345e-05
0.00109482
0.000999451
0.000172377
0.00102806
0.00152302
0.000795841
0.000226378
0.000348091
0.000708103
0.00738525
0.00082016
0.000180364
0.000221372
7.28965e-05
0.000514984
5.55515e-05
0.000350952
0.000268936
0.00078392
0.000148535
0.000606537
4.86374e-05
0.00056076
0.000282049
2.98023e-05
0.000290871
0.00080061
0.000457764
0.000713825
3.23653e-05
1.4782e-05
0.000229597
0.000297546
0.00447464
2.85506e-05
0.000699997
4.67896e-05
0.000436306
0.000669003
8.66055e-05
7.28965e-05
0.00015533
0.000622272
0.000270844
0.000754833
0.000243187
0.00124454
0.000212789
0.000304699
0.00113773
0.00238037
0.00108624
0.000282049
0.00021112
0.000381708
0.000217915
0.00061655
0.000977516
0.000177741
7.18236e-05
0.00191021
0.000923157
0.000413895
0.00338364
0.00476837
0.000354052
7.01547e-05
0.000180364
0.000199676
0.000270844
0.00101471
0.00259399
1.5378e-05
0.00142097
3.55244e-05
0.000163078
0.000674725
0.000113964
0.000314474
0.000391483
0.000584126
9.29832e-05
0.00031209
1.29342e-05
4.02331e-05
7.77245e-05
0.00159836
0.000114799
6.29425e-05
0.000171185
0.00104427
3.05176e-05
0.000531673
0.0238037
0.00255203
0.00104427
0.00214767
0.00611877
1.89543e-05
5.59688e-05
4.86374e-05
0.000401258
0.000684738
0.000622272
0.000999451
0.00171185
7.236e-05
6.24657e-05
0.000297546
0.000254869
2.0206e-05
0.000168443
0.000696182
0.000102997
5.29885e-05
0.000472307
0.000574589
0.000112116
8.73208e-05
0.00727844
0.000713825
9.57847e-05
0.00811005
0.000168443
8.52346e-05
0.00245285
7.34329e-05
4.8995e-05
0.000126123
0.000177741
0.000535488
0.000336885
4.1604e-05
0.000136375
4.8995e-05
0.00016582
0.000125051
0.000413895
4.3273e-05
5.59688e-05
0.000579357
0.000251055
0.0019722
0.000962257
0.000156522
3.8147e-05
0.00130272
0.00049448
0.000620365
1.56164e-05
0.000231504
0.000190854
0.00016582
0.000233531
8.87513e-05
0.000186205
0.00291634
0.00012207
2.95043e-05
0.00058794
0.000378847
0.000373363
0.00191021
0.000319481
0.00045085
0.0018816
1.16825e-05
0.00052309
0.000535488
0.0068779
0.0018816
0.00157356
0.00021112
0.00338364
0.000149488
0.000177741
0.000309706
9.7394e-05
0.000461578
0.00327873
0.000362158
0.000472307
0.0106659
0.000789642
0.000138402
0.00263596
0.000339746
2.25902e-05
1.85966e-05
0.0065155
2.96831e-05
0.00010699
0.00238037
0.000766277
0.00049448
0.00275803
0.000243187
2.32458e-05
0.000167012
0.000669003
0.000288486
7.01547e-05
0.000161886
6.1512e-05
0.00152302
0.00175476
0.0010519
0.025177
9.01222e-05
0.00322533
3.66569e-05
9.50694e-05
0.000593185
0.00241661
0.00163651
0.000270844
0.000483036
0.000131249
0.000231504
4.63724e-05
0.000187755
0.000196695
0.000123978
0.000760555
3.3915e-05
0.00135422
0.000754833
0.0167847
6.74129e-05
0.000193834
0.000282049
0.000123978
0.000841618
0.000193834
0.00012815
0.000649452
0.00354195
0.000401258
1.0848e-05
7.80821e-06
0.00423813
7.28965e-05
2.84314e-05
0.000219584
0.00108624
0.0018816
0.00113773
0.000262737
0.000633717
0.000290871
0.000514984
0.000555992
0.000342846
1.7345e-05
1.63913e-05
0.000899792
0.000601768
0.000653267
0.00259399
0.000490665
0.000207663
0.000365257
0.000584126
0.00131035
0.000114799
8.87513e-05
0.000696182
0.000125051
7.52211e-05
5.1856e-06
9.44138e-05
0.000146151
0.000518799
0.000453949
0.00118637
0.00126362
0.000198126
0.00447464
2.2471e-05
0.00120544
1.63913e-05
0.000189185
3.8445e-05
0.000256777
0.000468493
0.00238037
0.000102162
0.000319481
3.33786e-05
2.13385e-05
0.00058794
0.000332117
8.73208e-05
2.3067e-05
0.00120544
0.000262737
0.000336885
0.000163078
9.16123e-05
0.000324726
0.000719547
0.000149488
0.000139236
9.89437e-05
0.00159836
0.000190854
0.00102806
5.81145e-05
0.0050354
0.000860691
0.000518799
0.000359297
0.000742912
0.00351524
0.000659466
0.000938892
0.013382
3.49283e-05
0.00084734
7.83205e-05
3.15905e-05
8.39233e-05
0.000223041
0.0013876
0.000217915
7.64132e-05
0.00112915
0.000917435
0.000237346
0.000103712
0.000719547
0.000111163
0.00069046
0.000248909
0.000461578
0.000416756
0.000486851
0.000606537
0.000258207
0.00403976
2.59876e-05
0.000174999
1.67489e-05
0.000273466
0.000133276
0.00767136
0.000447035
0.00277901
0.000228167
0.000123024
0.000125051
3.09348e-05
0.0193176
3.72529e-05
0.00154877
0.000168443
9.98378e-05
0.000853062
0.00351524
0.000453949
0.000649452
0.000254869
0.000860691
1.92523e-05
2.25902e-05
3.016e-05
0.000100553
0.000252962
0.00201988
3.61204e-05
5.42402e-05
0.000356913
7.236e-05
0.000547409
0.013382
0.000574589
0.000611305
0.000316858
0.000370502
1.31726e-05
3.46899e-05
0.0240021
0.00166035
3.09348e-05
0.000401258
0.000233531
0.000141501
0.000221372
3.36766e-05
0.000511169
0.00117397
0.000999451
0.0012722
2.8193e-05
0.00021112
7.12872e-05
7.95722e-05
0.00574875
6.4373e-06
0.000404119
0.00116634
0.00010699
0.000426531
8.26716e-05
0.000186205
0.00710678
4.78625e-05
0.00103569
0.00314903
0.00101471
0.000119328
0.000189185
0.00134373
0.00015533
0.0101852
0.00206757
0.000187755
0.0354614
0.000138402
1.45435e-05
3.22461e-05
0.000168443
0.00247002
0.000468493
0.000151873
0.00798798
0.000286579
8.59499e-05
0.000129104
0.000336885
0.000171185
0.000113964
0.00149918
0.000284195
4.3273e-05
0.00296211
0.000262737
1.33514e-05
0.000696182
3.9041e-05
4.86374e-05
0.000157952
0.00192451
0.0013876
0.00348854
7.70688e-05
0.000725746
0.000789642
0.0637207
8.45194e-05
0.000133276
0.000719547
0.000359297
3.40939e-05
0.000140309
0.00977325
0.00319862
0.000201106
0.000243187
0.000359297
0.000373363
0.00118637
0.000199676
0.000243187
4.52399e-05
6.29425e-05
0.000151873
0.0134964
0.0170288
0.000332117
0.00601959
0.0124512
0.000518799
5.50747e-05
0.00227165
0.000186205
0.00121307
0.00015533
6.1512e-05
0.000339746
0.000118434
0.000304699
0.00238037
0.0012722
0.000394344
0.000202775
5.29885e-05
4.93526e-05
3.05176e-05
6.68764e-05
0.000146151
1.81198e-05
0.000268936
0.000150681
4.45843e-05
0.00010848
2.00868e-05
2.15173e-05
1.50204e-05
0.000167012
0.000123024
0.000112951
8.34465e-06
0.000180364
3.27826e-05
1.055e-05
3.35574e-05
2.81334e-05
2.20537e-05
7.83205e-05
0.000114799
0.000742912
0.000990868
0.000282049
0.00167274
6.04987e-05
0.000321865
0.000309706
8.66055e-05
4.86374e-05
0.00013423
0.00032711
1.16825e-05
4.8995e-05
1.51396e-05
5.25713e-05
0.00078392
4.02331e-05
9.29832e-06
0.00103569
0.000461578
0.000381708
5.59688e-05
0.00169849
0.002985
0.00112915
0.00061655
0.000565529
0.00492477
0.000584126
0.00144291
0.00933838
0.000406981
0.00354195
0.000432491
9.2268e-05
0.000611305
0.00021112
0.00162315
0.000247002
0.000196695
0.000199676
0.000131249
0.000153184
0.000180364
2.92659e-05
5.50747e-05
5.30481e-06
0.000123978
6.48499e-05
6.38962e-05
0.000359297
0.000472307
5.19753e-05
0.000111878
0.000290632
0.000238776
7.00951e-05
0.00187969
0.000425816
0.00146389
0.00010854
2.5034e-05
3.86834e-05
0.000304222
0.000117421
9.79304e-05
9.79304e-05
0.000170946
0.00124264
8.45194e-05
8.32081e-05
0.000535488
8.13007e-05
0.00193691
0.000277281
0.000248671
0.00103664
0.000555038
0.000166893
0.000313997
0.000158787
0.00108624
0.000173569
0.00016427
0.000356197
0.000559807
8.2612e-05
0.000801086
5.32866e-05
7.62939e-05
7.11679e-05
0.000226259
0.000232935
0.000208974
0.000952244
5.84722e-05
0.000140429
0.000203967
0.000160217
0.000168204
5.99027e-05
8.32081e-05
0.00209808
0.00187969
3.93391e-05
0.000149369
0.000596523
0.00129032
0.000976086
6.09159e-05
2.63453e-05
0.001441
0.00127029
0.000859261
0.000547409
0.000777245
3.52263e-05
0.000215888
0.00147438
0.00075388
0.000207186
0.000286102
6.13928e-05
0.00016427
0.000182986
9.87649e-05
0.000777245
6.9499e-05
0.000610352
0.000157595
0.0032444
0.000482082
0.000428677
0.000324011
9.29236e-05
0.000304222
1.75834e-05
0.000178814
6.38366e-05
0.00011003
6.9499e-05
0.000402927
0.000103593
3.05772e-05
5.88894e-05
0.00288582
0.000464201
0.000116467
0.000137329
0.000555038
0.000250578
0.00105095
0.000313997
0.0011301
0.00092268
5.59092e-05
0.00189495
0.000795364
0.00014472
0.000370502
0.0046463
0.00011003
9.43542e-05
0.00176525
0.0385742
0.000415802
0.000182986
0.000217557
7.62939e-05
7.00951e-05
0.00187969
5.16176e-05
0.000158787
0.00033927
7.06315e-05
0.000101268
0.000113726
0.000205755
0.000514507
0.000170946
0.00189495
0.0052681
0.000952244
0.000464201
0.00160789
0.00382614
0.0024147
0.0017519
0.00162125
0.00102901
0.000825882
0.000387192
0.000137329
7.50422e-05
0.00150871
0.000361919
0.00271416
0.000568867
0.000168204
0.000449419
0.000865459
0.00122261
0.000151634
8.51154e-05
0.000136137
3.83854e-05
0.000238776
2.5034e-05
0.000110984
1.45435e-05
1.2815e-05
0.000290632
0.000101268
0.000152826
0.000148296
0.000199556
0.000111878
0.000817776
0.000587463
0.00016427
2.37823e-05
0.00499344
0.000120997
9.43542e-05
5.50151e-05
0.000148296
6.78301e-05
0.000422716
1.80006e-05
0.000143647
3.23057e-05
0.000229716
1.81198e-05
3.12924e-05
6.89626e-05
2.98023e-05
0.000110984
0.000625134
3.52263e-05
1.16825e-05
0.000133038
5.54323e-05
4.11868e-05
8.72016e-05
5.08428e-05
0.000118315
8.9407e-06
2.28882e-05
0.000156522
5.19753e-05
7.17044e-05
2.81334e-05
0.00029254
3.31998e-05
0.000113726
0.000120997
0.000582695
0.00115395
0.000384331
0.000301838
0.000106096
0.000120163
0.000406981
9.9659e-05
0.000258446
0.000324011
0.00216293
0.00125027
8.13007e-05
0.000141263
0.000449419
7.45058e-05
0.000807285
0.000479221
0.000873089
8.72016e-05
0.000425816
0.000184417
6.43134e-05
0.000195146
0.000147104
2.00272e-05
1.97291e-05
3.34978e-05
8.85725e-05
7.62939e-05
0.000256538
9.57847e-05
2.04444e-05
0.000336885
0.000229716
5.54323e-05
0.000127912
0.000184417
0.000361919
0.000203967
5.1856e-06
0.000104487
0.000122011
4.58956e-06
2.11596e-05
7.9453e-05
3.46899e-05
0.000137329
0.000311613
0.000475168
7.50422e-05
0.000101984
9.05991e-06
0.000329494
0.000116467
7.33733e-05
2.17557e-05
5.67436e-05
3.41535e-05
6.43134e-05
5.50151e-05
0.000336885
0.00013411
0.000190377
3.74913e-05
1.26958e-05
0.00447083
0.00440598
0.00149727
0.00416565
0.00468063
0.00232124
0.000615597
0.00356674
0.00198364
0.000886917
0.000381708
0.001647
0.000266314
0.000252485
7.45058e-05
0.000329494
0.00150871
0.000375748
0.00309944
0.000893116
0.000559807
0.000156522
0.00206375
0.000535488
0.000397205
0.00193691
0.00165939
0.000501633
0.000299215
0.000547409
0.000200987
0.000457287
0.000178814
0.000143647
0.000151634
8.51154e-05
0.000133038
2.16365e-05
0.000238776
0.000326395
0.000128865
0.00281906
0.000198007
0.000199556
0.000154138
0.000299215
0.000344753
0.000170946
0.000577927
0.000582695
0.000453472
0.000288248
1.56164e-05
8.07047e-05
7.75456e-05
0.000309229
6.67572e-05
0.000199556
0.00140762
0.0019083
2.79546e-05
0.000620365
0.000577927
3.31998e-05
2.61664e-05
0.000299215
0.000482082
4.35114e-05
0.00118351
3.42727e-05
0.000224471
0.000172138
9.9659e-05
0.000101268
0.000449419
0.000831604
0.00247002
7.69496e-05
0.000390291
0.00033927
0.00104332
0.000886917
0.000390291
0.000514507
0.000446558
0.000475168
1.09076e-05
0.000212431
0.000501633
7.88569e-05
0.000106096
0.000801086
0.00200081
0.000777245
0.00105858
0.000817776
0.00152016
0.000390291
0.000446558
0.000124812
0.00149727
0.000295162
0.000460386
0.000723839
0.000944614
0.000801086
0.000151634
0.00135231
0.000187397
0.000127912
0.000133038
0.00170994
0.000471115
0.000154138
0.000263929
0.000250578
0.000825882
0.000145912
6.28829e-05
0.00011915
0.000116467
0.000559807
0.000442505
0.000207186
7.28369e-05
7.75456e-05
0.000442505
0.000105202
0.000139236
0.000577927
0.00407028
0.00126266
0.00291061
0.000647068
1.8537e-05
0.000777245
0.000133038
0.000133038
0.000460386
2.96831e-05
0.0188446
0.000145912
0.00017488
0.000359058
0.000730038
0.000643253
4.85778e-05
0.000489712
0.000422716
0.00183773
0.00203323
0.00130939
0.000193596
0.000341892
0.000242829
0.000295162
0.000825882
0.000118315
0.000777245
9.57847e-05
0.000263929
0.000384331
8.57711e-05
0.000700474
5.45979e-05
0.000117421
0.000181556
1.92523e-05
0.00118351
0.000983238
0.000173569
0.00101376
0.00147438
0.00075388
0.000244617
0.00033927
0.000718117
0.00738144
0.000812054
0.000193596
0.000229716
6.43134e-05
0.000547409
5.41806e-05
0.000350714
0.000270367
0.0007658
0.00014472
0.000629425
4.58956e-05
0.000555038
0.000279188
2.96831e-05
0.000290632
0.000777245
0.000442505
0.000747681
3.17693e-05
1.33514e-05
0.000224471
0.000299215
0.0042305
2.71201e-05
0.000706196
4.62532e-05
0.000449419
0.000694275
8.64267e-05
7.23004e-05
0.000143647
0.000629425
0.000268459
0.000783443
0.000238776
0.00118351
0.000236869
0.000295162
0.00112247
0.00214767
0.0011301
0.000272751
0.000202537
0.000384331
0.000203967
0.000625134
0.000991821
0.000169396
7.50422e-05
0.00200081
0.000873089
0.000446558
0.00343132
0.00453949
0.000336885
6.84261e-05
0.000185966
0.000195146
0.000256538
0.00101376
0.00256729
1.56164e-05
0.00160789
3.37362e-05
0.000156522
0.000674725
0.00011462
0.000306606
0.000384331
0.000587463
8.78572e-05
0.000304222
1.24574e-05
4.18425e-05
8.0049e-05
0.0015707
0.000112712
6.09159e-05
0.00015533
0.00103664
2.93255e-05
0.000526428
0.0239563
0.00256729
0.000983238
0.00221252
0.00605774
1.8537e-05
5.59092e-05
4.97103e-05
0.000400066
0.000662804
0.000647068
0.00092268
0.00168419
7.17044e-05
5.99027e-05
0.000313997
0.000260592
2.03252e-05
0.000160217
0.000684738
9.79304e-05
5.63264e-05
0.000482082
0.000596523
0.000109255
8.2612e-05
0.0070343
0.000741959
9.50098e-05
0.00842285
0.000166893
8.2612e-05
0.00224876
7.9453e-05
4.62532e-05
0.000120163
0.00017488
0.000514507
0.000319004
4.08292e-05
0.000137329
5.04851e-05
0.00015533
0.000123858
0.000435591
4.3869e-05
5.67436e-05
0.000547409
0.000244617
0.00189495
0.000967979
0.000157595
3.60012e-05
0.00127029
0.000505924
0.000610352
1.60933e-05
0.000221014
0.000190377
0.000165462
0.000231385
8.72016e-05
0.000191927
0.00271416
0.000112712
2.99215e-05
0.000592709
0.000375748
0.000341892
0.0019083
0.000306606
0.000442505
0.00185108
1.23382e-05
0.000518322
0.000530243
0.00720596
0.00183773
0.00163364
0.000212431
0.00340462
0.000154138
0.000170946
0.000313997
0.000100374
0.000453472
0.00319481
0.000341892
0.000464201
0.010231
0.000718117
0.000140429
0.00256729
0.000364542
2.20537e-05
1.93715e-05
0.00655365
3.00407e-05
0.00010854
0.00226593
0.000777245
0.000479221
0.00273514
0.000240803
2.21729e-05
0.000173569
0.000694275
0.000304222
7.11679e-05
0.000161529
6.28829e-05
0.00148678
0.00153255
0.000952244
0.0269012
9.64403e-05
0.00319481
3.65973e-05
9.43542e-05
0.000596523
0.0024147
0.00149727
0.000274897
0.000479221
0.00013411
0.000229716
4.93526e-05
0.000185966
0.000215888
0.000122786
0.000807285
3.37362e-05
0.00134182
0.000759602
0.0167389
6.9499e-05
0.000188947
0.000290632
0.000123858
0.000795364
0.000200987
0.000130057
0.000631332
0.00348473
0.000402927
1.04904e-05
8.46386e-06
0.00447083
7.28369e-05
2.93255e-05
0.000222802
0.000991821
0.00180912
0.0011301
0.000250578
0.000629425
0.00029707
0.000486135
0.000555038
0.000344753
1.88351e-05
1.60933e-05
0.000906944
0.000662804
0.000658989
0.00260925
0.000505924
0.000210643
0.000353098
0.000547409
0.00135231
0.000128865
8.51154e-05
0.000662804
0.000117421
7.28369e-05
4.88758e-06
9.0003e-05
0.000143647
0.000568867
0.000460386
0.00118351
0.00127029
0.000196576
0.00426865
2.17557e-05
0.00124264
1.57356e-05
0.000198007
4.18425e-05
0.000240803
0.00043273
0.00222969
0.000106096
0.000334263
3.05772e-05
2.08616e-05
0.000551224
0.000350714
8.85725e-05
2.22325e-05
0.00123119
0.000262022
0.000350714
0.000169396
9.21488e-05
0.000299215
0.000723839
0.000147104
0.000135183
0.000100374
0.00155735
0.000173569
0.00105095
5.71609e-05
0.00443649
0.000873089
0.000543118
0.000347614
0.0007658
0.00340462
0.000668526
0.000859261
0.0135803
3.53456e-05
0.000886917
7.75456e-05
3.23057e-05
8.72016e-05
0.000224471
0.0013628
0.000215888
7.17044e-05
0.00112247
0.000900745
0.000240803
0.000104487
0.000759602
0.00011462
0.000694275
0.000263929
0.000460386
0.000428677
0.000494003
0.000620365
0.000256538
0.00376701
2.65837e-05
0.000160217
1.78218e-05
0.000288248
0.000124812
0.00754929
0.000486135
0.00286293
0.000232935
0.000118315
0.000122786
2.95639e-05
0.0197601
3.57032e-05
0.00149727
0.000168204
9.57847e-05
0.000789165
0.00337791
0.000446558
0.000610352
0.000263929
0.000853539
1.86563e-05
2.12789e-05
3.00407e-05
9.29236e-05
0.000258446
0.00208282
3.68953e-05
5.41806e-05
0.000353098
7.23004e-05
0.000543118
0.0131531
0.000615597
0.000610352
0.000331879
0.000394106
1.46627e-05
3.30806e-05
0.0253448
0.00160789
3.0458e-05
0.000412941
0.000240803
0.000137329
0.000219345
3.46899e-05
0.000510693
0.00114536
0.00101376
0.00125027
2.81334e-05
0.000208974
7.50422e-05
8.0049e-05
0.00534821
5.84126e-06
0.000381708
0.00111008
9.87649e-05
0.000428677
8.07047e-05
0.000187397
0.00697708
4.66704e-05
0.00107861
0.00329781
0.00101376
0.000124812
0.000173569
0.0013628
0.000151634
0.00983429
0.00209808
0.000184417
0.0354004
0.000133038
1.38879e-05
3.11732e-05
0.000169396
0.0024147
0.000442505
0.000148296
0.00881195
0.000295162
8.07047e-05
0.000127912
0.000353098
0.000168204
0.00011462
0.00149727
0.000279188
4.81606e-05
0.00286293
0.000248671
1.26362e-05
0.000710011
3.89814e-05
4.85778e-05
0.000152826
0.00208282
0.00135231
0.0032711
7.50422e-05
0.000700474
0.000730038
0.0646362
7.88569e-05
0.000124812
0.000771523
0.000364542
3.42727e-05
0.000143647
0.00953674
0.0032444
0.000207186
0.000263929
0.000356197
0.000361919
0.00111008
0.000188947
0.000256538
4.45843e-05
6.33597e-05
0.000143647
0.0130386
0.016098
0.000341892
0.00587845
0.0131531
0.000494003
5.88894e-05
0.002285
0.000196576
0.00127029
0.000158787
6.24061e-05
0.000334263
0.000122786
0.000301838
0.00243187
0.00127029
0.000387192
0.000185966
5.45979e-05
5.16176e-05
2.95639e-05
6.72936e-05
0.000147104
1.88351e-05
0.000283718
0.000140429
4.3869e-05
0.000109255
1.97291e-05
2.04444e-05
1.58548e-05
0.000162721
0.000125766
0.000111878
7.86781e-06
0.000182986
3.09348e-05
9.89437e-06
3.34978e-05
2.79546e-05
2.25902e-05
7.9453e-05
0.000112712
0.000730038
0.000999451
0.000286102
0.00173664
5.80549e-05
0.000324011
0.000306606
8.45194e-05
5.08428e-05
0.000142336
0.000350714
1.17421e-05
4.62532e-05
1.37687e-05
5.41806e-05
0.000789165
3.71933e-05
8.64267e-06
0.000991821
0.000442505
0.000344753
5.37038e-05
0.00165939
0.0027771
0.00109482
0.000601768
0.000559807
0.00514984
0.000606537
0.00153255
0.00917053
0.000412941
0.00362015
0.000435591
8.85725e-05
0.000592709
0.000227928
0.00159645
0.000238776
0.000198007
0.000207186
0.000139236
0.000156522
0.000176072
2.96831e-05
5.45979e-05
5.48363e-06
0.000125766
6.33597e-05
6.72936e-05
0.000384331
0.000482082
5.22137e-05
0.000111461
0.000285149
0.000243783
7.09295e-05
0.00196075
0.000444889
0.00150299
0.000109613
2.55704e-05
3.67761e-05
0.000305653
0.000117004
9.39965e-05
0.000101626
0.000174165
0.00117874
8.2314e-05
8.2314e-05
0.000528336
7.9155e-05
0.00191593
0.000262976
0.000239849
0.000972271
0.000545025
0.000174165
0.000333071
0.0001688
0.00114155
0.000178099
0.000164866
0.000363111
0.000585556
8.61287e-05
0.000803947
5.4419e-05
7.9751e-05
7.31349e-05
0.000239849
0.000225425
0.000218511
0.000980377
6.02007e-05
0.00013876
0.000198841
0.000167489
0.000179648
6.06775e-05
8.54135e-05
0.00223923
0.00191593
3.99947e-05
0.000155926
0.000622749
0.00127697
0.000964642
6.45518e-05
2.73585e-05
0.0014143
0.0012579
0.000926971
0.000571728
0.000762463
3.48091e-05
0.000215054
0.00152588
0.000768661
0.000213265
0.000287056
6.21676e-05
0.000164866
0.000191212
0.000100017
0.000751019
7.09295e-05
0.000627041
0.000155926
0.00323105
0.000499725
0.000411272
0.000320196
9.32217e-05
0.000291586
1.64509e-05
0.000172973
6.45518e-05
0.000103235
6.60419e-05
0.000392675
9.75728e-05
2.95639e-05
5.6088e-05
0.00280762
0.000427008
0.000115156
0.000133514
0.00054121
0.000235915
0.0010252
0.000298262
0.00107479
0.000889778
5.3525e-05
0.00200844
0.000756741
0.000146508
0.000365973
0.00462723
0.000109613
9.2566e-05
0.0018158
0.0400391
0.000431061
0.000183821
0.000203252
7.85589e-05
7.31349e-05
0.00197601
5.22137e-05
0.000164866
0.000351906
7.25985e-05
0.000105679
0.000119686
0.000200272
0.0005126
0.000174165
0.00191593
0.00545883
0.0009408
0.000455618
0.00151443
0.00375366
0.00231171
0.00167751
0.00151443
0.00100994
0.000798225
0.000374556
0.000136733
7.36713e-05
0.00146961
0.000357628
0.00280762
0.000533104
0.000170231
0.000433922
0.0008564
0.00119877
0.000155926
8.89897e-05
0.000137806
3.94583e-05
0.000243783
2.66433e-05
0.000118732
1.44839e-05
1.35303e-05
0.000300646
0.000101626
0.000151038
0.000146508
0.000209808
0.000117838
0.000836372
0.000566959
0.000166297
2.40207e-05
0.00493622
0.000119686
9.93013e-05
5.26905e-05
0.000141859
6.75917e-05
0.000427008
1.89543e-05
0.000148773
3.27229e-05
0.000234008
1.75238e-05
2.98023e-05
6.86646e-05
3.11732e-05
0.000110567
0.000617981
3.5882e-05
1.19209e-05
0.000132561
5.4419e-05
4.23789e-05
8.6844e-05
5.3525e-05
0.000117004
8.88109e-06
2.28882e-05
0.000156999
5.14388e-05
6.86646e-05
2.61664e-05
0.000287056
3.3617e-05
0.000108123
0.000117004
0.000580788
0.00126553
0.000371456
0.00029397
0.000111461
0.000117838
0.000398636
0.000100851
0.000249624
0.000328064
0.00225639
0.00123787
8.16584e-05
0.000143051
0.000455618
7.48038e-05
0.000822544
0.000499725
0.000836372
8.96454e-05
0.000411272
0.000170231
6.4075e-05
0.000189662
0.000139832
2.02656e-05
2.07424e-05
3.34978e-05
9.60827e-05
7.66516e-05
0.000255585
0.000100017
2.03848e-05
0.000338078
0.000230551
5.56707e-05
0.000130534
0.000186682
0.000349283
0.000198841
5.126e-06
0.000112295
0.000119686
4.58956e-06
2.12193e-05
7.9751e-05
3.5882e-05
0.000139832
0.000300646
0.000469446
7.59959e-05
0.000104785
9.65595e-06
0.000340462
0.000122428
7.59959e-05
2.21729e-05
5.91874e-05
3.6478e-05
6.4075e-05
5.6982e-05
0.000360727
0.000131488
0.000185251
3.45707e-05
1.22786e-05
0.00445557
0.00455856
0.00149155
0.00387573
0.00462723
0.00229454
0.000604153
0.00355339
0.00185871
0.00087595
0.000377417
0.00164032
0.000261068
0.00026536
7.9751e-05
0.000328064
0.00146961
0.000385761
0.00315857
0.00087595
0.00054884
0.000159621
0.00223923
0.00054121
0.000401497
0.0018158
0.00161457
0.000504017
0.000305653
0.000528336
0.000195861
0.000473499
0.000178099
0.000144124
0.000154734
8.29101e-05
0.000134706
2.13981e-05
0.000247717
0.000317812
0.000126362
0.00268173
0.000191212
0.000197291
0.000150084
0.000295877
0.000343323
0.000176907
0.000571728
0.000575542
0.000444889
0.000278234
1.50204e-05
7.72476e-05
7.48038e-05
0.000291586
6.35982e-05
0.000192881
0.00138092
0.00193024
2.96831e-05
0.000607967
0.000566959
3.48091e-05
2.64645e-05
0.000312805
0.000473499
4.33922e-05
0.00122643
3.42727e-05
0.000218511
0.000163555
9.67979e-05
9.84073e-05
0.000451803
0.000808716
0.00255775
7.66516e-05
0.000371456
0.000310421
0.00100136
0.000850201
0.000380278
0.000495911
0.000437021
0.000488043
1.04904e-05
0.000201702
0.0005126
7.66516e-05
0.000100017
0.000822544
0.00197601
0.000768661
0.00103283
0.000798225
0.00145817
0.000385761
0.000451803
0.000122428
0.00144768
0.000298262
0.000451803
0.000697613
0.000956535
0.000774384
0.000153542
0.00131702
0.000176907
0.000130534
0.000130534
0.00169086
0.000462532
0.000143051
0.000261068
0.000253677
0.000814915
0.00013876
6.26445e-05
0.000123382
0.00012058
0.000571728
0.000451803
0.000215054
7.25985e-05
7.9751e-05
0.000431061
0.000108898
0.000141859
0.000571728
0.00431824
0.00117874
0.00285149
0.000640392
1.88947e-05
0.000756741
0.000123382
0.000132561
0.000437021
2.89679e-05
0.0196838
0.000140667
0.00018084
0.000354767
0.000707626
0.000640392
5.03063e-05
0.000516415
0.000392675
0.0018301
0.00212097
0.00131702
0.000194311
0.000354767
0.000247717
0.00029397
0.000792027
0.000124335
0.000798225
9.39965e-05
0.000262976
0.000374556
9.04202e-05
0.000703812
5.4419e-05
0.000114143
0.000183821
1.80602e-05
0.00114155
0.00103283
0.000166297
0.00103283
0.00155163
0.000774384
0.000231981
0.000328064
0.000707626
0.00723648
0.000774384
0.00018084
0.000218511
6.81281e-05
0.000524521
5.48363e-05
0.000349283
0.000271797
0.000792027
0.000151038
0.000599384
4.79817e-05
0.000557899
0.000276327
2.94447e-05
0.000278234
0.000762463
0.000473499
0.000715256
3.20673e-05
1.40667e-05
0.000230551
0.000308037
0.0044899
2.71797e-05
0.000697613
4.44055e-05
0.000431061
0.000697613
8.48174e-05
7.20024e-05
0.000155926
0.000594139
0.000276327
0.000808716
0.000247717
0.00116158
0.000225425
0.000300646
0.00114918
0.002388
0.00112534
0.000269413
0.000215054
0.000395536
0.000208139
0.000599384
0.000980377
0.000172973
7.25985e-05
0.00184441
0.0008564
0.000437021
0.00347137
0.00452423
0.000346422
6.81281e-05
0.000192881
0.000192881
0.000255585
0.00105476
0.00249481
1.54376e-05
0.00152588
3.51667e-05
0.000160933
0.000627041
0.000115156
0.000317812
0.000392675
0.000580788
9.18508e-05
0.000315428
1.31726e-05
4.06504e-05
7.9155e-05
0.00161457
0.000119686
6.06775e-05
0.000160933
0.00101757
3.08156e-05
0.000516415
0.0246887
0.00257874
0.0010252
0.0021553
0.00598907
1.87755e-05
5.39422e-05
4.8399e-05
0.000411272
0.000703812
0.000660419
0.0009408
0.00166512
7.20024e-05
5.78165e-05
0.000300646
0.000253677
1.99676e-05
0.000166297
0.000688076
0.000103235
5.26905e-05
0.000469446
0.000594139
0.000111461
8.61287e-05
0.00712585
0.000697613
9.67979e-05
0.00832367
0.000164866
8.42214e-05
0.00233269
7.9751e-05
4.72665e-05
0.000124335
0.000171423
0.000524521
0.000320196
4.06504e-05
0.000132561
4.98891e-05
0.000171423
0.000121534
0.000431061
4.47035e-05
5.52535e-05
0.00054884
0.000247717
0.00188732
0.000897408
0.00015223
3.70741e-05
0.00130463
0.000533104
0.000627041
1.57952e-05
0.000231981
0.00018084
0.0001688
0.000231981
8.61287e-05
0.000185251
0.00278664
0.000118732
2.94447e-05
0.000613213
0.000369072
0.000365973
0.00190163
0.00030303
0.000431061
0.00193024
1.18017e-05
0.000520706
0.00054884
0.0070076
0.00187302
0.00156498
0.000209808
0.00347137
0.000158191
0.000171423
0.000312805
9.2566e-05
0.000455618
0.00325966
0.000357628
0.000458717
0.0102921
0.000739098
0.000139832
0.0026207
0.000346422
2.28286e-05
1.84774e-05
0.00663376
2.77162e-05
0.000104785
0.00246048
0.00074482
0.000484228
0.00255775
0.000237942
2.27094e-05
0.000172973
0.000640392
0.00029397
7.1466e-05
0.000158191
6.26445e-05
0.00150299
0.00166512
0.000972271
0.0270538
9.04202e-05
0.00315857
3.618e-05
9.39965e-05
0.000585556
0.00244141
0.00155163
0.00026536
0.000477314
0.000130534
0.000225425
4.87566e-05
0.000191212
0.000209808
0.000118732
0.000786304
3.37362e-05
0.00136852
0.000751019
0.0169525
6.81281e-05
0.000195861
0.000287056
0.000123382
0.000808716
0.000198841
0.000128388
0.000644684
0.0036068
0.000421286
1.04904e-05
8.34465e-06
0.00445557
7.25985e-05
2.89679e-05
0.000228763
0.0010252
0.00175858
0.00114918
0.000259399
0.000628948
0.00030303
0.000508785
0.000545025
0.000330687
1.84774e-05
1.59144e-05
0.000919342
0.000627041
0.000640392
0.00268173
0.000492096
0.000211596
0.000343323
0.000590324
0.00135803
0.000122428
8.74996e-05
0.000640392
0.000122428
7.03335e-05
5.126e-06
9.32217e-05
0.000144124
0.000528336
0.000458717
0.00123787
0.00127697
0.00020647
0.00452423
2.15173e-05
0.00117874
1.60336e-05
0.000192881
4.06504e-05
0.000243783
0.000451803
0.00225639
0.000101626
0.000333071
3.31998e-05
2.15173e-05
0.000553131
0.000340462
8.61287e-05
2.23517e-05
0.0012064
0.000267506
0.000315428
0.000167489
9.10759e-05
0.000322819
0.000739098
0.000156999
0.000144124
0.000103235
0.00161457
0.000189662
0.00108242
5.82933e-05
0.00485611
0.00087595
0.000533104
0.000365973
0.000774384
0.00349998
0.000660419
0.000889778
0.0127869
3.3915e-05
0.000842571
7.72476e-05
3.28422e-05
8.16584e-05
0.000225425
0.00138092
0.000216722
7.09295e-05
0.00112534
0.000926971
0.000230551
0.000103235
0.000733376
0.000107288
0.000681877
0.000253677
0.000462532
0.000440836
0.000477314
0.000607967
0.000259399
0.00393295
2.60472e-05
0.0001688
1.65701e-05
0.000280619
0.000129461
0.00751877
0.000473499
0.00285149
0.00022018
0.00012058
0.000131488
3.14116e-05
0.0198364
3.76701e-05
0.00152588
0.000167489
9.84073e-05
0.000808716
0.00352478
0.000466585
0.000666142
0.000259399
0.000869751
1.87755e-05
2.26498e-05
2.95639e-05
9.53674e-05
0.000262976
0.00193024
3.6478e-05
5.26905e-05
0.000357628
7.36713e-05
0.000553131
0.0121078
0.000590324
0.000604153
0.000315428
0.000374556
1.35303e-05
3.48091e-05
0.022995
0.00157738
3.02792e-05
0.000388622
0.000231981
0.000137806
0.000230551
3.41535e-05
0.000508785
0.00111771
0.0010252
0.0012579
2.96831e-05
0.00020647
7.20024e-05
7.85589e-05
0.00559235
6.02007e-06
0.000401497
0.00116158
0.000106514
0.000414371
7.85589e-05
0.000172973
0.00684357
4.76241e-05
0.0010252
0.00315857
0.00103951
0.00012058
0.00018084
0.00139141
0.000150084
0.0102921
0.00204086
0.000182271
0.0338745
0.000136733
1.41263e-05
3.15309e-05
0.000176907
0.00246048
0.000469446
0.000155926
0.00858307
0.000295877
8.54135e-05
0.000133514
0.000338078
0.000167489
0.000113308
0.00142479
0.000269413
4.23789e-05
0.00285149
0.000257492
1.31726e-05
0.000703812
3.79682e-05
4.91738e-05
0.000158191
0.00199318
0.00139141
0.00325966
7.66516e-05
0.000739098
0.000774384
0.0643921
8.54135e-05
0.000124335
0.000727177
0.000360727
3.34978e-05
0.00013876
0.00965881
0.003088
0.000201702
0.000253677
0.000354767
0.000369072
0.00117874
0.000197291
0.000237942
4.54187e-05
6.31213e-05
0.000151038
0.0138397
0.0162659
0.000349283
0.00638199
0.0126724
0.0005126
5.65648e-05
0.00233269
0.000183821
0.00131702
0.00015223
6.31213e-05
0.000340462
0.000128388
0.000300646
0.00234985
0.0012579
0.000408411
0.000203252
5.48363e-05
5.17964e-05
3.06964e-05
6.75917e-05
0.000146508
1.89543e-05
0.000276327
0.000146508
4.44055e-05
0.000109613
2.03848e-05
2.13981e-05
1.51396e-05
0.000166297
0.000126362
0.000112295
8.10623e-06
0.000179648
3.19481e-05
1.03712e-05
3.28422e-05
2.74777e-05
2.27094e-05
7.48038e-05
0.000112295
0.000721455
0.000988007
0.000280619
0.00167751
5.87106e-05
0.000315428
0.000298262
8.48174e-05
4.87566e-05
0.000139832
0.000335455
1.17421e-05
4.91738e-05
1.50204e-05
5.17964e-05
0.000792027
3.79682e-05
8.88109e-06
0.00108242
0.000458717
0.000377417
5.4419e-05
0.00164032
0.00296974
0.00112534
0.000622749
0.000553131
0.00477982
0.000599384
0.00149155
0.00930023
0.000398636
0.00352478
0.000444889
8.61287e-05
0.000622749
0.000213265
0.00161457
0.000243783
0.000197291
0.000203252
0.00013566
0.000154734
0.000182271
2.99215e-05
5.6088e-05
5.36442e-06
0.000125289
6.35982e-05
6.45518e-05
0.000377417
0.000484228
